Extrinsic:
R:
0.0096565 -0.9999372 0.0056985
-0.0014807 -0.0057130 -0.9999826
0.9999522 0.0096478 -0.0015358
t: -0.0472003 -0.7371809 -0.9580492

Intrinsic:
1909.89565 0.00000 1922.80732
0.00000 1909.33700 1084.44219
0.00000 0.00000 1.00000

************* json format *************
Extrinsic:
[0.0096565,-0.9999372,0.0056985,-0.0472003],[-0.0014807,-0.0057130,-0.9999826,-0.7371809],[0.9999522,0.0096478,-0.0015358,-0.9580492],[0,0,0,1]

Intrinsic:
[1909.89565,0.00000,1922.80732],[0.00000,1909.33700,1084.44219],[0.00000,0.00000,1.00000]

Distortion:
[23.1846139,13.9531485,0.0002145,0.0000006,0.7535717,23.5358753,22.2758375,3.7045930]
